10 7
1 2
2 4
3 4
4 6
5 6
5 8
6 8
10 5
1 2
3 4
2 4
2 3
1 4
10 7
1 2
2 4
3 4
4 6
5 6
5 8
6 8
10 5
1 2
3 4
2 4
2 3
1 4
10 7
1 2
2 4
3 4
4 6
5 6
5 8
6 8
10 5
1 2
3 4
2 4
2 3
1 4
10 7
1 2
2 4
3 4
4 6
5 6
5 8
6 8
10 5
1 2
3 4
2 4
2 3
1 4
10 7
1 2
2 4
3 4
4 6
5 6
5 8
6 8
10 5
1 2
3 4
2 4
2 3
1 4
10 7
1 2
2 4
3 4
4 6
5 6
5 8
6 8
10 5
1 2
3 4
2 4
2 3
1 4
10 7
1 2
2 4
3 4
4 6
5 6
5 8
6 8
10 5
1 2
3 4
2 4
2 3
1 4
10 7
1 2
2 4
3 4
4 6
5 6
5 8
6 8
10 5
1 2
3 4
2 4
2 3
1 4
10 7
1 2
2 4
3 4
4 6
5 6
5 8
6 8
10 5
1 2
3 4
2 4
2 3
1 4
0 0